NLB=1.0
BAM=18.452812325156984
RAM=150.0
AB_D=0.26611275440942744
AD_BF=0.2
AD_LF=0.5
AC=0.40594897011136666
AC_AF=1.01103261826377
AC_LF=1.08042313872564
LB_PF=0.1942775166584318
BDM=40.0
t=17.948906184831458
LRR=2.5
shedding_factor=0.01
v_tropism_w=0.05
GBF=10.0
GBA=0.1
IL_LF=0.9751801948267683
FP_Y=0.30106929015307793
FP_AF=1.0
FP_A=15.0
MAX_L=4.520881602774618
IL_AF=0.94
IBL=0.5
LRR_AF=0.96
light_sensitiveness=0.1